; SSN=B13.22RB.00016TN, FW=3.35B  , MDN=                   , DF=0xF030
;            TimeSec   PcbAdc  TempAdc HCurrent  Res2Adc  Res1Adc  PcbTemp   SnsrTemp Messages
;sync 2013-05-02T13:01:19
         15250109.00   988806  7823492   457.04  5863247 11096137  46.4282   90.02773
         15250110.00   988782  7823383   457.12  5863219 11096068  46.4208   90.02390
         15250111.00   988804  7823392   457.19  5863227 11096099  46.4276   90.02422
         15250112.00   988803  7823667   457.24  5863319 11096246  46.4273   90.03386
         15250113.00   988807  7823608   457.19  5863280 11096181  46.4285   90.03179
         15250114.00   988796  7823500   457.18  5863250 11096159  46.4251   90.02800
         15250115.00   988819  7823632   457.18  5863281 11096197  46.4323   90.03263
         15250116.00   988813  7823460   457.17  5863235 11096098  46.4304   90.02660
         15250117.00   988806  7823528   457.13  5863253 11096127  46.4282   90.02898
         15250118.00   988818  7823586   457.18  5863290 11096180  46.4319   90.03102
         15250119.00   988818  7823452   457.18  5863267 11096154  46.4319   90.02632
         15250120.00   988827  7823664   457.23  5863302 11096213  46.4347   90.03375
         15250121.00   988818  7823515   457.05  5863258 11096183  46.4319   90.02853